------------
DataBase = 10
OneDelayTime = 15
gateTypeNum = 2
SAL = 9540.000001
InitialRouteNum =  1000
InitialPatternNum = 1000
Initial3PatternNum = 1500
findBestRouteTime = 0.1
findNegativeReducedCostRouteTime = 0.1
NegativeReducedCostPatternTimeLim = 1.0
forcedCoveredPairInitialPatternTimeLim = 4.3
OneBestPatternTimeLim = 0.1
NegativeReducedCostPatternTimeLim = 1.0
TotalTimeLim = 1800.0
---------------------------------
Bigloop1

SARLP Column Generation:
SALPloop1
LpStatus = Optimal
LpObj = 2235.000000000004
81 aircraft need pricing : 0 1 2 3 4 5 6 7 8 9 10 11 12 13 14 15 16 17 18 19 20 21 22 23 24 25 26 27 28 29 30 31 32 33 34 35 36 37 38 39 40 41 42 43 44 45 46 47 48 49 50 51 52 53 54 55 56 57 58 59 60 61 62 63 64 65 66 67 68 69 70 71 72 73 74 75 76 77 78 79 80  
AircReducedCost >0 Num = 81/81

SARLP CG use time 21.68699999997625

SARIpStatus = Optimal
q = 0.0
SARIpObj = 2235.0
CancelNum = 9
DelayTime = 435
SwapNum = 155
SARq>LB, update LB = 2235.0
 
Airc choose route's index = [158, 1000, 1000, 107, 992, 3, 30, 147, 523, 140, 1154, 1008, 78, 790, 238, 656, 1069, 120, 961, 1094, 68, 19, 1190, 157, 582, 4, 1339, 1350, 1357, 1088, 237, 1064, 1553, 1315, 1092, 914, 1233, 687, 1046, 64, 1133, 340, 37, 95, 1152, 308, 1002, 1252, 3346, 118, 39, 1004, 58, 1, 1088, 0, 786, 0, 822, 4, 20, 8, 83, 5, 11, 6, 7, 6, 24, 229, 45, 1000, 15, 288, 45, 47, 4, 11, 106, 265, 45]
Need find 377 pairs: 0 1 2 3 4 5 6 7 8 9 10 11 12 13 14 15 16 17 18 19 20 21 22 23 24 25 26 27 28 29 30 31 32 33 34 35 36 37 38 39 40 41 42 43 44 45 46 47 48 49 50 51 52 53 54 55 56 57 58 59 60 61 62 63 64 65 66 67 68 69 70 71 72 73 74 75 76 77 78 79 80 81 82 83 84 85 86 87 88 89 90 91 92 93 94 95 96 97 98 99 100 101 102 103 104 105 106 107 108 109 110 111 112 113 114 115 116 117 118 119 120 121 122 123 124 125 126 127 128 129 130 131 132 133 134 135 136 137 138 139 140 141 142 143 144 145 146 147 148 149 150 151 152 153 154 155 156 157 158 159 160 161 162 163 164 165 166 167 168 169 170 171 172 173 174 175 176 177 178 179 180 181 182 183 184 185 186 187 188 189 190 191 192 193 194 195 196 197 198 199 200 201 202 203 204 205 206 207 208 209 210 211 212 213 214 215 216 217 218 219 220 221 222 223 224 225 226 227 228 229 230 231 232 233 234 235 236 237 238 239 240 241 242 243 244 245 246 247 248 249 250 251 252 253 254 255 256 257 258 259 260 261 262 263 264 265 266 267 268 269 270 271 272 273 274 275 276 277 278 279 280 281 282 283 284 285 286 287 288 289 290 291 292 293 294 295 296 297 298 299 300 301 302 303 304 305 306 307 308 309 310 311 312 313 314 315 316 317 318 319 320 321 322 323 324 325 326 327 328 329 330 331 332 333 334 335 336 337 338 339 340 341 342 343 344 345 346 347 348 349 350 351 352 353 354 355 356 357 358 359 360 361 362 363 364 365 366 367 368 369 370 371 372 373 374 375 376 

GRLPphase1 Column Generation:
GRphase1loop1
GRLPphase1 is feasibleï¼?
GRLPphase1 CG use time 3.8439999999827705
Having used time 1649.2339999999967

GRLP Column Generation:
GRloop1
Optimal
LpObj = 8955.75
70 gates need pricing: 0 1 2 3 4 5 6 7 8 9 10 11 12 13 14 15 16 17 18 19 20 21 22 23 24 25 26 27 28 29 30 31 32 33 34 35 36 37 38 39 40 41 42 43 44 45 46 47 48 49 50 51 52 53 54 55 56 57 58 59 60 61 62 63 64 65 66 67 68 69  
AirpTypeReducedCost >0 Num = 70/70

GRLP CG use time 256.98499999998603

GRIPobj = 9090.0
(SARIPobj+GRobj)<UB, update UB = 11325.0
 
LB = 2235.0, UB= 11325.0
 
Having used time 1905.875
---------------------------------


---------------------------------
Stop information: 
SAL = 9540.000001
Stop at Bigloop: 1
Total use time 1905.875
LB = 2235.0, UB= 11325.0
SARcost = 2235.0
GRgateNum = 303.0
------------



